7.548156 -0.489787 1.030499 -2.651968 -1.050173 
5.936975 -0.223689 -2.250997 0.933257 -1.805631 
-15.901885 -0.732545 -0.833133 3.584234 3.196156 
-23.956125 -0.000000 -0.000000 -0.000000 -0.000000 
-23.956125 -0.000000 -0.000000 -0.000000 -0.000000 
-23.956125 -0.000000 -0.000000 -0.000000 -0.000000 
-23.956125 -0.000000 -0.000000 -0.000000 -0.000000 
-23.956125 -0.000000 -0.000000 -0.000000 -0.000000 
-23.956125 -0.000000 -0.000000 -0.000000 -0.000000 
-23.956125 -0.000000 -0.000000 -0.000000 -0.000000 
